Scatterer_atmosphere
{
	Atmo
	{
		name = Jupiter
		Rg = 70941832
		Rt = 71956264
		RL = 71957792
		HR = 8
		HM = 1.33300006
		BETA_MSca = 0.00400000019,0.00400000019,0.00400000019
		m_betaR = 0.0605470017,0.0585939996,0.0566410013
		m_mieG = 0.75999999
		assetPath = EVO/Textures/ScatterTextures/Jupiter
		experimentalAtmoScale = 1.04999995
		atmosphereGlobalScale = 1
		godrayStrength = 0.800000012
		flattenScaledSpaceMesh = 0
		rimBlend = 20
		rimpower = 600
		specR = 8.5
		specG = 8.5
		specB = 8.5
		shininess = 10
		cloudColorMultiplier = 3
		cloudScatteringMultiplier = 0.0199999996
		cloudSkyIrradianceMultiplier = 0.0500000007
		volumetricsColorMultiplier = 1
		EVEIntegration_preserveCloudColors = False
		configPoints
		{
			Item
			{
				altitude = 1333
				skyExposure = 0.0500000007
				skyAlpha = 1
				skyExtinctionTint = 1
				scatteringExposure = 0.149828002
				extinctionThickness = 1
				postProcessAlpha = 0.949999988
				postProcessDepth = 0.0750430003
				extinctionTint = 0.5
				openglThreshold = 10
				viewdirOffset = 0.0129110003
			}
			Item
			{
				altitude = 8000
				skyExposure = 0.0500000007
				skyAlpha = 1
				skyExtinctionTint = 1
				scatteringExposure = 0.148969993
				extinctionThickness = 1
				postProcessAlpha = 0.949999988
				postProcessDepth = 0.0752570033
				extinctionTint = 0.5
				openglThreshold = 10
				viewdirOffset = 0.0124690002
			}
			Item
			{
				altitude = 1550000
				skyExposure = 0.0500000007
				skyAlpha = 1
				skyExtinctionTint = 1
				scatteringExposure = 0.0500000007
				extinctionThickness = 1
				postProcessAlpha = 0.949999988
				postProcessDepth = 0.100000001
				extinctionTint = 0.5
				openglThreshold = 10
				viewdirOffset = 0
			}
		}
	}
}
