Scatterer_atmosphere
{
    Atmo
    {
        name = Jupiter
        experimentalAtmoScale = 1.04999995
        cloudColorMultiplier = 0.6
        cloudScatteringMultiplier = 0.0199999996
        cloudSkyIrradianceMultiplier = 0.01
        volumetricsColorMultiplier = 1
        Rg = 70941832
        Rt = 71956264
        RL = 71957792
        atmosphereGlobalScale = 1
        EVEIntegration_preserveCloudColors = False
        HR = 240
        HM = 30.33300006
        BETA_MSca = 0.00400000019,0.00400000019,0.00400000019
        m_betaR = 0.000605470017,0.000585939996,0.000566410013
        m_mieG = 0.75999999
        godrayStrength = 0.800000012
        flattenScaledSpaceMesh = 0
        rimBlend = 20
        rimpower = 600
        specR = 8.5
        specG = 8.5
        specB = 8.5
        shininess = 10
        assetPath = RSSVE/Textures/ScatterTextures/Jupiter
        configPoints
        {
            Item
            {
                altitude = 1333
                skyExposure = 0.0500000007
                skyAlpha = 1
                skyExtinctionTint = 1
                scatteringExposure = 0.149828002
                extinctionThickness = 1
                postProcessAlpha = 0.949999988
                postProcessDepth = 0.0750430003
                extinctionTint = 0.5
                openglThreshold = 10
                viewdirOffset = 0.0129110003
            }
            Item
            {
                altitude = 8000
                skyExposure = 0.0500000007
                skyAlpha = 1
                skyExtinctionTint = 1
                scatteringExposure = 0.148969993
                extinctionThickness = 1
                postProcessAlpha = 0.949999988
                postProcessDepth = 0.0752570033
                extinctionTint = 0.5
                openglThreshold = 10
                viewdirOffset = 0.0124690002
            }
            Item
            {
                altitude = 1550000
                skyExposure = 0.0500000007
                skyAlpha = 1
                skyExtinctionTint = 1
                scatteringExposure = 0.0500000007
                extinctionThickness = 1
                postProcessAlpha = 0.949999988
                postProcessDepth = 0.100000001
                extinctionTint = 0.5
                openglThreshold = 10
                viewdirOffset = 0
            }
        }
    }
}
