Scatterer_ocean
{
	Ocean
	{
		name = Earth
		m_foamAnsio = 10
		m_foamMipMapBias = -2
		m_whiteCapStr = 0.100000001
		shoreFoam = 1
		m_farWhiteCapStr = -0.200000003
		AMP = 1
		m_ansio = 2
		m_windSpeed = 10
		m_omega = 0.839999974
		m_varianceSize = 4
		m_oceanUpwellingColor = 0.000976999989,0.00390599994,0.0117189996
		m_UnderwaterColor = 0.000976999989,0.75,0.800781012
		m_resolution = 4
		MAX_VERTS = 65000
		oceanScale = 1
		oceanAlpha = 0.949999988
		alphaRadius = 1400
		transparencyDepth = 10
		darknessDepth = 100
		refractionIndex = 1.33000004
	}
}
