Scatterer_atmosphere
{
    Atmo
    {
        name = Earth
        Rg = 6371000
        Rt = 6460600
        RL = 6462100
        HR = 8
        HM = 1.33299994
        BETA_MSca = 0.00400000019,0.00400000019,0.00400000019
        m_betaR = 0.00579999993,0.0135000004,0.0331000015
        m_mieG = 0.75999999
        experimentalAtmoScale = 1.04999995
        atmosphereGlobalScale = 1
        godrayStrength = 0.0
        flattenScaledSpaceMesh = 0
        rimBlend = 50
        rimpower = 1900
        specR = 85
        specG = 85
        specB = 85
        shininess = 50
        cloudColorMultiplier = 4.0
        cloudScatteringMultiplier = 0.5
        cloudSkyIrradianceMultiplier = 5.000
        volumetricsColorMultiplier = 1
        EVEIntegration_preserveCloudColors = False
        configPoints
        {
            Item
			{
				altitude = 0
				skyExposure = 0.100000001
				skyAlpha = 0.699999988
				skyExtinctionTint = 1
				scatteringExposure = 0.075000003
				extinctionThickness = 1
				postProcessAlpha = 0
				postProcessDepth = 0
				extinctionTint = 1
			}
        }
    }
}
