Scatterer_atmosphere
{
	Atmo
	{
		name = Earth
		experimentalAtmoScale = 1.04999995
		cloudColorMultiplier = 1
		cloudScatteringMultiplier = 0.0199999996
		cloudSkyIrradianceMultiplier = 0.5
		volumetricsColorMultiplier = 1
		Rg = 6371000
		Rt = 6460600
		RL = 6462100
		atmosphereGlobalScale = 1
		EVEIntegration_preserveCloudColors = False
		HR = 8
		HM = 1.33299994
		BETA_MSca = 0.00400000019,0.00400000019,0.00400000019
		m_betaR = 0.00579999993,0.0135000004,0.0331000015
		m_mieG = 0.75999999
		rimBlend = 20
		rimpower = 600
		specR = 85
		specG = 85
		specB = 85
		shininess = 50
		assetPath = RSSVE/Textures/ScatterTextures/Earth
		configPoints
		{
			Item
			{
				altitude = 1333
				skyExposure = 0.249052003
				skyAlpha = 1
				skyExtinctionTint = 1
				scatteringExposure = 0.229431003
				extinctionThickness = 1
				postProcessAlpha = 0.949999988
				postProcessDepth = 0.0803790018
				extinctionTint = 0.5
				openglThreshold = 10
				viewdirOffset = 0.0120289996
			}
			Item
			{
				altitude = 8000
				skyExposure = 0.244449005
				skyAlpha = 1
				skyExtinctionTint = 1
				scatteringExposure = 0.226668999
				extinctionThickness = 1
				postProcessAlpha = 0.949999988
				postProcessDepth = 0.082220003
				extinctionTint = 0.5
				openglThreshold = 10
				viewdirOffset = 0.00773600023
			}
			Item
			{
				altitude = 140000
				skyExposure = 0.200000003
				skyAlpha = 1
				skyExtinctionTint = 1
				scatteringExposure = 0.200000003
				extinctionThickness = 1
				postProcessAlpha = 0.949999988
				postProcessDepth = 0.100000001
				extinctionTint = 0.5
				openglThreshold = 10
				viewdirOffset = 0
			}
		}
	}
}
