Scatterer_atmosphere
{
	Atmo
	{
		name = Venus
		experimentalAtmoScale = 1.20000005
		cloudColorMultiplier = 2
		cloudScatteringMultiplier = 0.125
		cloudSkyIrradianceMultiplier = 0.0250000004
		volumetricsColorMultiplier = 1
		Rg = 6049000
		Rt = 6141800
		RL = 6143300
		atmosphereGlobalScale = 1
		EVEIntegration_preserveCloudColors = False
		HR = 7
		HM = 1.16600001
		BETA_MSca = 0.00400000019,0.00400000019,0.00400000019
		m_betaR = 0.0664099976,0.050780002,0.0234399997
		m_mieG = 0.75999999
		rimBlend = 20
		rimpower = 600
		specR = 85
		specG = 85
		specB = 85
		shininess = 10
		assetPath = RSSVE/Textures/ScatterTextures/Venus
		configPoints
		{
			Item
			{
				altitude = 1166
				skyExposure = 0.495195001
				skyAlpha = 0.800000012
				skyExtinctionTint = 0.5
				scatteringExposure = 0.200000003
				extinctionThickness = 1
				postProcessAlpha = 0.850000024
				postProcessDepth = 0.00803699996
				extinctionTint = 0.25
				openglThreshold = 10
				viewdirOffset = 0.121771
			}
			Item
			{
				altitude = 7000
				skyExposure = 0.471733987
				skyAlpha = 0.800000012
				skyExtinctionTint = 0.5
				scatteringExposure = 0.200000003
				extinctionThickness = 1
				postProcessAlpha = 0.850000024
				postProcessDepth = 0.00818799995
				extinctionTint = 0.25
				openglThreshold = 10
				viewdirOffset = 0.0846410021
			}
			Item
			{
				altitude = 145000
				skyExposure = 0.200000003
				skyAlpha = 0.800000012
				skyExtinctionTint = 0.5
				scatteringExposure = 0.200000003
				extinctionThickness = 1
				postProcessAlpha = 0.850000024
				postProcessDepth = 0.00999999978
				extinctionTint = 0.25
				openglThreshold = 10
				viewdirOffset = 0
			}
		}
	}
}
