Scatterer_atmosphere
{
    Atmo
    {
        name = Pluto
        experimentalAtmoScale = 1.04999995
        cloudColorMultiplier = 1
        cloudScatteringMultiplier = 1
        cloudSkyIrradianceMultiplier = 1
        volumetricsColorMultiplier = 1
        Rg = 1187000
        Rt = 1257400
        RL = 1258900
        atmosphereGlobalScale = 1
        EVEIntegration_preserveCloudColors = False
        HR = 4
        HM = 0.666000009
        BETA_MSca = 0.00400000019,0.00400000019,0.00400000019
        m_betaR = 0.00976600032,0.0117189996,0.0195310004
        m_mieG = 0.75999999
        rimBlend = 20
        rimpower = 600
        specR = 8.5
        specG = 8.5
        specB = 8.5
        shininess = 10
        configPoints
        {
            Item
            {
                altitude = 666
                skyExposure = 0.0125000002
                skyAlpha = 1
                skyExtinctionTint = 0
                scatteringExposure = 0.00248500006
                extinctionThickness = 0
                postProcessAlpha = 0.949999988
                postProcessDepth = 0.0753019974
                extinctionTint = 0
                openglThreshold = 10
                viewdirOffset = 0.0123779997
            }
            Item
            {
                altitude = 4000
                skyExposure = 0.0125000002
                skyAlpha = 1
                skyExtinctionTint = 0
                scatteringExposure = 0.00241099996
                extinctionThickness = 0
                postProcessAlpha = 0.949999988
                postProcessDepth = 0.0767849982
                extinctionTint = 0
                openglThreshold = 10
                viewdirOffset = 0.00949299987
            }
            Item
            {
                altitude = 110000
                skyExposure = 0.0125000002
                skyAlpha = 1
                skyExtinctionTint = 0
                scatteringExposure = 0.00124999997
                extinctionThickness = 0
                postProcessAlpha = 0.949999988
                postProcessDepth = 0.100000001
                extinctionTint = 0
                openglThreshold = 10
                viewdirOffset = 0
            }
        }
    }
}
