Scatterer_atmosphere
{
	Atmo
	{
		name = Uranus
		experimentalAtmoScale = 1.04999995
		cloudColorMultiplier = 2
		cloudScatteringMultiplier = 0.0199999996
		cloudSkyIrradianceMultiplier = 0.0500000007
		volumetricsColorMultiplier = 1
		Rg = 24702000
		Rt = 25598000
		RL = 25599500
		atmosphereGlobalScale = 1
		EVEIntegration_preserveCloudColors = False
		HR = 4
		HM = 0.666000009
		BETA_MSca = 0.00400000019,0.00400000019,0.00400000019
		m_betaR = 0.0585999973,0.0741999969,0.0781000033
		m_mieG = 0.75999999
		rimBlend = 20
		rimpower = 600
		specR = 8.5
		specG = 8.5
		specB = 8.5
		shininess = 10
		assetPath = RSSVE/Textures/ScatterTextures/Uranus
		configPoints
		{
			Item
			{
				altitude = 666
				skyExposure = 0.0499759987
				skyAlpha = 0.800000012
				skyExtinctionTint = 1
				scatteringExposure = 0.0250000004
				extinctionThickness = 1
				postProcessAlpha = 0.949999988
				postProcessDepth = 0.0750240013
				extinctionTint = 0.5
				openglThreshold = 10
				viewdirOffset = 0.0129509997
			}
			Item
			{
				altitude = 4000
				skyExposure = 0.0498570018
				skyAlpha = 0.800000012
				skyExtinctionTint = 1
				scatteringExposure = 0.0250000004
				extinctionThickness = 1
				postProcessAlpha = 0.949999988
				postProcessDepth = 0.075143002
				extinctionTint = 0.5
				openglThreshold = 10
				viewdirOffset = 0.0127050001
			}
			Item
			{
				altitude = 1400000
				skyExposure = 0.0250000004
				skyAlpha = 0.800000012
				skyExtinctionTint = 1
				scatteringExposure = 0.0250000004
				extinctionThickness = 1
				postProcessAlpha = 0.949999988
				postProcessDepth = 0.100000001
				extinctionTint = 0.5
				openglThreshold = 10
				viewdirOffset = 0
			}
		}
	}
}
