Scatterer_atmosphere
{
	Atmo
	{
		name = Saturn
		experimentalAtmoScale = 1.04999995
		cloudColorMultiplier = 2
		cloudScatteringMultiplier = 0.0199999996
		cloudSkyIrradianceMultiplier = 0.0500000007
		volumetricsColorMultiplier = 1
		Rg = 57216000
		Rt = 58496000
		RL = 58497500
		atmosphereGlobalScale = 1
		EVEIntegration_preserveCloudColors = True
		HR = 8
		HM = 1.33299994
		BETA_MSca = 0.00400000019,0.00400000019,0.00400000019
		m_betaR = 0.0976559967,0.0976559967,0.00976600032
		m_mieG = 0.76000005
		rimBlend = 20
		rimpower = 600
		specR = 8.5
		specG = 8.5
		specB = 8.5
		shininess = 10
		assetPath = RSSVE/Textures/ScatterTextures/Saturn
		configPoints
		{
			Item
			{
				altitude = 1333
				skyExposure = 0.0499669984
				skyAlpha = 1
				skyExtinctionTint = 1
				scatteringExposure = 0.0250000004
				extinctionThickness = 1
				postProcessAlpha = 0.949999988
				postProcessDepth = 0.0750330016
				extinctionTint = 0.5
				openglThreshold = 10
				viewdirOffset = 0.0129310004
			}
			Item
			{
				altitude = 8000
				skyExposure = 0.0498000011
				skyAlpha = 1
				skyExtinctionTint = 1
				scatteringExposure = 0.0250000004
				extinctionThickness = 1
				postProcessAlpha = 0.949999988
				postProcessDepth = 0.0751999989
				extinctionTint = 0.5
				openglThreshold = 10
				viewdirOffset = 0.0125869997
			}
			Item
			{
				altitude = 2000000
				skyExposure = 0.0250000004
				skyAlpha = 1
				skyExtinctionTint = 1
				scatteringExposure = 0.0250000004
				extinctionThickness = 1
				postProcessAlpha = 0.949999988
				postProcessDepth = 0.100000001
				extinctionTint = 0.5
				openglThreshold = 10
				viewdirOffset = 0
			}
		}
	}
}
