Scatterer_atmosphere
{
	Atmo
	{
		name = Neptune
		experimentalAtmoScale = 1.04999995
		cloudColorMultiplier = 3
		cloudScatteringMultiplier = 0.0199999996
		cloudSkyIrradianceMultiplier = 0.0500000007
		volumetricsColorMultiplier = 1
		Rg = 24085000
		Rt = 24885000
		RL = 24886500
		atmosphereGlobalScale = 1
		EVEIntegration_preserveCloudColors = False
		HR = 4
		HM = 0.666000009
		BETA_MSca = 0.00400000019,0.00400000019,0.00400000019
		m_betaR = 0.0273439996,0.0429689996,0.0976559967
		m_mieG = 0.75999999
		rimBlend = 20
		rimpower = 600
		specR = 8.5
		specG = 8.5
		specB = 8.5
		shininess = 5
		assetPath = RSSVE/Textures/ScatterTextures/Neptune
		configPoints
		{
			Item
			{
				altitude = 666
				skyExposure = 0.0499729998
				skyAlpha = 0.800000012
				skyExtinctionTint = 1
				scatteringExposure = 0.0125000002
				extinctionThickness = 1
				postProcessAlpha = 0.949999988
				postProcessDepth = 0.0750269964
				extinctionTint = 0.5
				openglThreshold = 10
				viewdirOffset = 0.0129450001
			}
			Item
			{
				altitude = 4000
				skyExposure = 0.0498399995
				skyAlpha = 0.800000012
				skyExtinctionTint = 1
				scatteringExposure = 0.0125000002
				extinctionThickness = 1
				postProcessAlpha = 0.949999988
				postProcessDepth = 0.0751599967
				extinctionTint = 0.5
				openglThreshold = 10
				viewdirOffset = 0.0126689998
			}
			Item
			{
				altitude = 1250000
				skyExposure = 0.0250000004
				skyAlpha = 0.800000012
				skyExtinctionTint = 1
				scatteringExposure = 0.0125000002
				extinctionThickness = 1
				postProcessAlpha = 0.949999988
				postProcessDepth = 0.100000001
				extinctionTint = 0.5
				openglThreshold = 10
				viewdirOffset = 0
			}
		}
	}
}
