Scatterer_atmosphere
{
	Atmo
	{
		name = Mars
		experimentalAtmoScale = 1.04999995
		cloudColorMultiplier = 1
		cloudScatteringMultiplier = 0.0199999996
		cloudSkyIrradianceMultiplier = 0.0500000007
		volumetricsColorMultiplier = 1
		Rg = 3375800
		Rt = 3455800
		RL = 3457300
		atmosphereGlobalScale = 1
		EVEIntegration_preserveCloudColors = False
		HR = 8
		HM = 1.33299994
		BETA_MSca = 0.00400000019,0.00400000019,0.00400000019
		m_betaR = 0.00860000029,0.0066399998,0.00468999986
		m_mieG = 0.779999971
		rimBlend = 20
		rimpower = 600
		specR = 8.5
		specG = 8.5
		specB = 8.5
		shininess = 10
		assetPath = RSSVE/Textures/ScatterTextures/Mars
		configPoints
		{
			Item
			{
				altitude = 1333
				skyExposure = 0.0989390016
				skyAlpha = 1
				skyExtinctionTint = 1
				scatteringExposure = 0.0505300015
				extinctionThickness = 1
				postProcessAlpha = 0.949999988
				postProcessDepth = 0.100000001
				extinctionTint = 0.25
				openglThreshold = 10
				viewdirOffset = 0.0119150002
			}
			Item
			{
				altitude = 8000
				skyExposure = 0.0938050002
				skyAlpha = 1
				skyExtinctionTint = 1
				scatteringExposure = 0.0530980006
				extinctionThickness = 1
				postProcessAlpha = 0.949999988
				postProcessDepth = 0.100000001
				extinctionTint = 0.25
				openglThreshold = 10
				viewdirOffset = 0.00719599985
			}
			Item
			{
				altitude = 125000
				skyExposure = 0.0500000007
				skyAlpha = 1
				skyExtinctionTint = 1
				scatteringExposure = 0.075000003
				extinctionThickness = 1
				postProcessAlpha = 0.949999988
				postProcessDepth = 0.100000001
				extinctionTint = 0.25
				openglThreshold = 10
				viewdirOffset = 0
			}
		}
	}
}
